$ANSIBLE_VAULT;1.1;AES256
36303938353162343137393866326436326632613664393131373931306433343538393536643561
6163303235313639346333643531666462343436343037360a333631656630393266623065626463
38613864373535636234346630346130303332393936623238346435613262653636643631633465
3364303338363561650a373835643761343435646637333265616232313834396238666264666631
37356566313432643130666362346132393533326163303534333965666465306263353836623336
34393937623834656230346234373739303462313466386263643163633639613137336238303864
65313637663439613130363163633938636563613064393765343235643733373532613633643363
38613537643238333166323965343139663061313434666534356665323461633263323336383839
34353837366562663938353238666439623034353461356532666662383963626533353436613034
61303265336539306433646230646463663862316534643861363433343766653533613336316233
366561316663343030373064633232393034
